Data di collaudo	Ora di collaudo	Esito di collaudo	Pezzo ripassato	Tensione alimentazione	Resistenza riscaldatore	Temperatura Operativa	Percentuale di Ossigeno	Corrente riscaldatore a regime	Resistenza calibrazione	Resistenza isolamento layer interni
14/01/2019	15:46:12	2	FALSO	13,490	2,98	780,6	11,727	1036	172,7	5,0
15/01/2019	07:56:38	2	FALSO	13,501	3,00	780,1	11,980	1044	158,7	4,0
17/01/2019	08:18:50	2	FALSO	13,501	3,00	780,0	11,974	1051	159,0	3,8
18/02/2019	10:56:49	8	FALSO	13,496	2,98	779,6	11,903	1057	73,3	3,4
18/02/2019	11:16:29	2	FALSO	13,496	2,98	780,1	11,723	1032	76,0	4,7
05/03/2019	11:05:50	2	FALSO	13,498	3,00	780,3	11,869	1042	73,8	3,7
07/03/2019	09:24:56	6	FALSO	13,495	3,00	780,2	8,498	992	216,3	1,9
07/03/2019	09:26:54	6	FALSO	13,495	3,05	780,2	9,135	903	159,1	2,7
07/03/2019	09:28:47	6	FALSO	13,496	3,10	780,8	8,042	942	290,6	2,3
07/03/2019	09:31:31	2	FALSO	13,495	3,04	779,8	11,687	1043	76,6	4,0
07/03/2019	09:37:11	2	FALSO	13,495	3,02	780,9	11,684	1020	76,6	5,0
08/03/2019	08:32:03	2	FALSO	13,500	3,00	779,9	11,909	1046	73,2	3,8
11/03/2019	08:00:16	2	FALSO	13,463	2,99	780,0	11,821	1140	74,5	3,1
15/03/2019	08:17:22	2	FALSO	13,499	2,99	780,0	11,892	1054	73,4	4,0
18/03/2019	10:16:33	3	FALSO	13,429	0,00	0,0	0,000	0	0,0	0,0
18/03/2019	10:16:56	2	FALSO	13,495	2,98	780,0	11,942	1047	72,7	3,9
19/04/2019	17:06:43	2	FALSO	13,499	3,01	780,4	11,802	1156	74,8	2,9
31/05/2019	14:35:49	2	FALSO	13,499	3,03	780,0	12,028	1145	71,5	2,7
11/06/2019	09:53:16	2	FALSO	13,498	3,02	780,0	11,750	1160	75,6	2,6
12/06/2019	07:58:53	2	FALSO	13,495	3,00	780,0	11,769	1160	75,3	2,7
21/06/2019	08:00:20	2	FALSO	13,499	3,02	780,0	11,746	1147	75,6	2,7
24/06/2019	09:00:24	2	FALSO	13,497	3,05	780,2	11,731	1144	75,9	2,8
02/07/2019	07:11:26	2	FALSO	13,497	3,05	780,0	11,712	1151	76,2	2,8
03/07/2019	09:02:15	2	FALSO	13,499	3,04	779,9	11,754	1148	75,5	2,9
04/07/2019	07:28:58	2	FALSO	13,495	3,06	780,1	11,747	1167	75,6	2,7
04/07/2019	08:11:09	8	FALSO	13,494	3,28	780,4	10,555	1182	99,7	0,8
04/07/2019	08:13:05	9	FALSO	13,491	3,25	780,3	11,452	1140	80,4	0,9
04/07/2019	08:15:06	7	FALSO	13,494	3,26	780,1	10,966	1264	89,9	0,6
04/07/2019	08:16:50	9	FALSO	13,494	3,23	780,5	11,353	1214	82,2	0,6
04/07/2019	08:18:39	4	FALSO	13,489	9999,00	0,0	0,000	0	0,0	0,0
04/07/2019	08:19:12	7	FALSO	13,493	3,18	780,3	11,885	1269	73,5	1,0
04/07/2019	08:21:06	9	FALSO	13,490	3,38	780,2	12,006	1197	71,8	0,7
04/07/2019	08:22:55	8	FALSO	13,491	3,23	780,2	12,213	1181	69,0	0,9
04/07/2019	08:25:08	2	FALSO	13,490	3,31	779,9	11,372	1183	81,9	1,0
05/07/2019	07:06:07	4	FALSO	13,485	9999,00	0,0	0,000	0	0,0	0,0
05/07/2019	07:06:29	2	FALSO	13,497	3,30	780,0	11,575	1176	78,4	1,1
08/07/2019	06:58:27	2	FALSO	13,494	3,31	779,9	11,524	1184	79,2	1,2
09/07/2019	06:58:50	2	FALSO	13,471	3,29	780,4	11,396	1186	81,4	1,2
10/07/2019	06:59:21	2	FALSO	13,476	3,27	780,0	11,387	1195	81,6	1,2
11/07/2019	06:57:26	2	FALSO	13,490	3,27	780,1	11,407	1204	81,2	1,3
11/07/2019	10:01:03	4	FALSO	13,493	9999,00	0,0	0,000	0	0,0	0,0
11/07/2019	10:01:33	4	FALSO	13,493	9999,00	0,0	0,000	0	0,0	0,0
11/07/2019	10:02:06	4	FALSO	13,494	9999,00	0,0	0,000	0	0,0	0,0
11/07/2019	10:02:31	6	FALSO	13,493	3,19	780,0	10,351	1229	105,4	0,8
11/07/2019	10:04:32	8	FALSO	13,493	3,27	780,4	12,386	1242	66,9	0,6
11/07/2019	10:06:22	8	FALSO	13,492	3,45	779,7	12,173	1218	69,6	0,8
11/07/2019	10:08:13	2	FALSO	13,493	3,22	779,9	11,331	1159	82,6	1,0
19/07/2019	09:23:08	9	FALSO	13,496	3,25	780,0	11,684	1161	76,6	0,9
19/07/2019	09:25:04	9	FALSO	13,495	3,38	783,2	11,208	1225	84,9	0,7
19/07/2019	09:26:56	2	FALSO	13,495	3,21	780,3	11,311	1153	83,0	1,4
22/07/2019	07:30:08	2	FALSO	13,494	3,24	780,5	11,379	1154	81,7	1,1
09/08/2019	07:49:30	2	FALSO	13,498	3,24	780,1	11,237	1158	84,4	1,1
06/09/2019	13:27:58	2	FALSO	13,500	3,25	780,7	12,017	1166	71,7	1,0
09/09/2019	07:56:18	6	FALSO	13,498	3,21	779,8	12,970	1066	60,4	1,5
09/09/2019	08:05:38	6	FALSO	13,496	3,18	780,3	12,735	1054	62,9	2,2
09/09/2019	08:07:31	6	FALSO	13,497	3,25	780,4	12,722	1044	63,0	2,6
09/09/2019	08:09:32	8	FALSO	13,496	3,27	780,1	12,384	994	66,9	1,0
09/09/2019	08:11:28	6	FALSO	13,495	3,20	781,2	12,711	1006	63,1	3,0
09/09/2019	08:14:09	6	FALSO	13,496	2,99	780,3	12,594	1056	64,4	1,7
09/09/2019	08:15:59	6	FALSO	13,496	3,12	780,5	15,514	1083	42,4	1,1
09/09/2019	08:18:14	6	FALSO	13,495	3,19	780,1	12,597	1030	64,4	3,1
09/09/2019	08:25:42	6	FALSO	13,494	3,43	779,6	12,920	1102	60,9	0,5
09/09/2019	08:30:48	2	FALSO	13,495	3,16	780,1	12,077	1035	70,8	1,3
10/09/2019	07:45:11	8	FALSO	13,495	3,29	779,9	10,906	1183	91,2	0,6
10/09/2019	07:47:21	2	FALSO	13,496	3,20	780,1	11,404	1051	81,3	2,2
11/09/2019	07:55:36	2	FALSO	13,502	3,20	780,0	11,499	1165	79,6	1,3
12/09/2019	07:44:57	2	FALSO	13,474	3,20	780,7	11,501	1151	79,6	1,2
23/09/2019	10:19:35	2	FALSO	13,496	3,19	779,3	11,595	1085	78,0	1,8
24/09/2019	07:40:06	2	FALSO	13,490	3,19	780,0	11,561	1053	78,6	1,8
25/09/2019	08:44:04	2	FALSO	13,491	3,21	779,7	11,576	1079	78,3	2,0
26/09/2019	08:14:49	2	FALSO	13,495	3,26	779,3	11,469	1208	80,2	1,3
30/09/2019	10:30:02	2	FALSO	13,494	3,20	780,4	11,454	1181	80,4	1,2
01/10/2019	08:34:10	4	FALSO	13,479	0,00	0,0	0,000	0	0,0	0,0
01/10/2019	08:34:45	4	FALSO	13,468	0,00	0,0	0,000	0	0,0	0,0
01/10/2019	08:35:14	2	FALSO	13,477	3,23	779,2	11,496	1088	79,7	1,9
02/10/2019	07:55:51	2	FALSO	13,498	3,22	780,2	11,427	1060	80,9	1,9
02/10/2019	08:36:19	2	FALSO	13,494	3,21	780,0	11,236	1049	84,4	2,4
02/10/2019	11:03:30	2	FALSO	13,494	3,22	780,3	11,298	1062	83,2	2,1
03/10/2019	07:46:36	2	FALSO	13,497	3,22	779,9	11,533	1069	79,1	2,2
08/10/2019	08:32:07	2	FALSO	13,498	3,18	780,0	11,501	1056	79,6	2,2
08/10/2019	10:55:08	2	FALSO	13,494	3,18	779,9	11,327	1034	82,7	2,6
09/10/2019	07:59:35	2	FALSO	13,495	3,19	780,5	11,580	1060	78,3	2,3
10/10/2019	07:52:13	2	FALSO	13,493	3,19	779,8	11,549	1055	78,8	2,2
22/10/2019	08:04:13	2	FALSO	13,498	3,21	780,2	11,366	1199	82,0	1,3
23/10/2019	07:59:04	4	FALSO	13,496	9999,00	0,0	0,000	0	0,0	0,0
23/10/2019	08:00:59	4	FALSO	13,485	9999,00	0,0	0,000	0	0,0	0,0
23/10/2019	08:03:42	6	FALSO	13,496	3,01	780,5	13,073	1042	59,4	2,0
23/10/2019	08:15:19	2	FALSO	13,496	3,21	779,4	11,294	1062	83,3	2,2
24/10/2019	08:07:58	2	FALSO	13,497	3,22	780,2	11,393	1176	81,5	1,4
25/10/2019	07:55:06	2	FALSO	13,501	3,21	780,9	11,487	1046	79,8	2,0
29/10/2019	08:09:39	2	FALSO	13,498	3,20	779,9	11,419	1192	81,0	1,3
08/11/2019	08:54:05	5	FALSO	13,497	3,20	594,8	63,255	0	5,2	5868,3
08/11/2019	09:00:25	2	FALSO	13,494	3,18	780,6	11,262	1071	83,9	1,9
08/11/2019	09:46:34	2	FALSO	13,493	3,19	780,6	11,160	1043	85,9	2,5
08/11/2019	12:41:01	2	FALSO	13,493	3,18	779,7	11,279	1101	83,6	2,3
08/11/2019	13:02:49	2	FALSO	13,494	3,19	779,5	11,208	1054	84,9	2,9
11/11/2019	07:37:23	2	FALSO	13,497	3,16	780,3	11,538	1082	79,0	2,4
12/11/2019	07:40:20	2	FALSO	13,498	3,18	780,5	11,501	1079	79,6	2,4
12/11/2019	08:09:38	2	FALSO	13,496	3,18	780,6	11,249	1045	84,1	2,9
15/11/2019	08:16:42	2	FALSO	13,497	3,20	780,4	11,458	1073	80,3	2,5
18/11/2019	07:47:45	2	FALSO	13,499	3,16	780,1	11,534	1071	79,0	2,5
18/11/2019	14:39:58	4	FALSO	13,492	0,00	0,0	0,000	0	0,0	0,0
18/11/2019	14:42:44	4	FALSO	13,494	0,00	0,0	0,000	0	0,0	0,0
18/11/2019	15:00:08	2	FALSO	13,494	3,20	780,0	11,366	1055	82,0	2,5
18/11/2019	15:04:30	2	FALSO	13,493	3,21	779,7	11,297	1069	83,2	3,2
29/11/2019	15:01:00	2	FALSO	13,499	3,19	780,0	11,378	1198	81,8	1,5
02/12/2019	07:50:29	2	FALSO	13,497	3,16	780,1	11,473	1081	80,1	2,3
03/12/2019	07:43:53	2	FALSO	13,501	3,21	779,6	11,575	1079	78,4	2,3
06/12/2019	16:07:44	2	FALSO	13,501	3,18	779,8	11,613	1074	77,7	2,5
09/12/2019	07:54:22	2	FALSO	13,501	3,17	780,6	11,551	1064	78,8	2,5
13/12/2019	12:18:45	2	FALSO	13,499	3,20	780,7	11,502	1076	79,6	2,5
19/12/2019	07:51:55	2	FALSO	13,498	3,24	780,0	11,562	1091	78,6	2,4
20/01/2020	07:32:54	4	FALSO	13,501	0,00	0,0	0,000	0	0,0	0,0
20/01/2020	07:33:51	2	FALSO	13,462	3,15	780,7	11,654	1087	77,1	2,5
24/01/2020	15:13:33	2	FALSO	13,497	3,18	780,7	11,623	1060	77,6	2,5
25/01/2020	07:44:17	2	FALSO	13,496	3,16	779,6	11,565	1082	78,5	2,7
27/01/2020	07:32:10	2	FALSO	13,498	3,16	780,0	11,560	1072	78,6	2,7
21/02/2020	14:50:09	2	FALSO	13,501	3,20	781,0	11,755	1171	75,5	1,6
22/02/2020	07:38:48	2	FALSO	13,496	3,17	779,8	11,596	1082	78,0	2,4
24/02/2020	07:52:06	2	FALSO	13,497	3,18	780,7	11,584	1074	78,2	2,5
25/02/2020	07:58:33	2	FALSO	13,498	3,19	780,7	11,571	1062	78,4	2,5
26/02/2020	08:16:43	2	FALSO	13,500	3,19	780,4	11,503	1074	79,6	2,7
27/02/2020	07:46:03	2	FALSO	13,501	3,20	780,2	11,537	1067	79,0	2,7
20/03/2020	14:02:59	2	FALSO	13,500	3,23	779,8	11,702	1062	76,3	2,5
20/03/2020	14:39:45	2	FALSO	13,495	3,21	779,6	11,356	1072	82,2	3,2
25/03/2020	09:14:59	2	FALSO	13,501	3,20	779,6	11,596	1091	78,0	2,6
26/03/2020	06:02:10	2	FALSO	13,501	3,18	780,3	11,568	1082	78,5	2,8
01/04/2020	06:05:53	2	FALSO	13,500	3,16	780,0	11,624	1092	77,6	2,6
02/04/2020	13:53:00	2	FALSO	13,497	3,21	780,8	11,430	1110	80,8	1,9
06/04/2020	13:23:26	2	FALSO	13,494	3,23	780,9	11,430	1055	80,8	2,7
09/04/2020	18:52:21	2	FALSO	13,496	3,24	780,1	11,490	1198	79,8	1,4
10/04/2020	05:58:04	2	FALSO	13,500	3,21	780,1	11,562	1077	78,6	2,3
15/04/2020	15:52:49	2	FALSO	13,500	3,20	780,5	11,550	1058	78,8	2,5
16/04/2020	06:01:04	2	FALSO	13,503	3,17	780,3	11,578	1074	78,3	2,6
22/04/2020	12:36:33	2	FALSO	13,497	3,18	780,5	11,560	1086	78,6	2,5
24/04/2020	07:53:41	2	FALSO	13,500	3,19	780,3	11,541	1079	78,9	2,6
28/04/2020	14:59:49	6	FALSO	13,496	3,23	784,9	5,689	1084	-391,3	0,8
28/04/2020	16:43:07	5	FALSO	13,494	3,18	785,2	20,071	1088	27,2	2,3
04/05/2020	11:39:10	2	FALSO	13,495	3,21	780,1	11,556	1066	78,7	2,6
07/05/2020	10:13:47	2	FALSO	13,497	3,23	780,7	11,584	1055	78,2	2,6
08/05/2020	06:04:08	2	FALSO	13,499	3,20	779,7	11,510	1090	79,5	2,8
11/05/2020	05:59:52	2	FALSO	13,501	3,20	779,9	11,474	1088	80,1	2,6
11/05/2020	08:45:33	4	FALSO	13,495	9999,00	0,0	0,000	0	0,0	0,0
11/05/2020	08:46:24	4	FALSO	13,494	9999,00	0,0	0,000	0	0,0	0,0
11/05/2020	08:47:03	4	FALSO	13,494	9999,00	0,0	0,000	0	0,0	0,0
11/05/2020	08:56:33	4	FALSO	13,494	9999,00	0,0	0,000	0	0,0	0,0
11/05/2020	09:16:57	2	FALSO	13,494	3,21	780,7	11,297	1041	83,2	2,8
12/05/2020	06:17:30	6	FALSO	13,498	3,21	780,9	10,484	872	101,6	1,6
12/05/2020	06:22:03	7	FALSO	13,498	3,06	779,7	10,848	863	92,5	1,5
12/05/2020	06:39:39	2	FALSO	13,496	3,20	780,0	11,265	1057	83,8	3,0
12/05/2020	12:22:35	2	FALSO	13,494	3,23	779,8	11,219	1054	84,7	3,1
13/05/2020	06:08:15	2	FALSO	13,499	3,18	779,5	11,518	1085	79,3	2,8
18/05/2020	16:37:43	2	FALSO	13,501	3,26	780,0	11,425	1202	80,9	1,5
19/05/2020	06:01:45	2	FALSO	13,501	3,21	780,4	11,414	1200	81,1	1,4
20/05/2020	05:58:34	2	FALSO	13,502	3,20	780,4	11,364	1167	82,0	1,5
28/05/2020	11:01:46	2	FALSO	13,495	3,22	779,9	11,415	1203	81,1	1,4
29/05/2020	06:01:46	2	FALSO	13,500	3,22	780,0	11,533	1065	79,1	2,2
29/05/2020	07:04:57	2	FALSO	13,494	3,21	780,0	11,158	1189	85,9	1,6
04/06/2020	15:04:10	2	FALSO	13,498	3,21	780,3	11,376	1212	81,8	1,3
05/06/2020	06:02:46	2	FALSO	13,503	3,18	779,7	11,402	1087	81,3	2,1
15/06/2020	12:30:30	2	FALSO	13,494	3,24	779,9	11,344	1168	82,4	1,4
15/06/2020	14:42:56	2	FALSO	13,492	3,24	780,2	11,088	1140	87,3	1,7
15/06/2020	14:45:12	6	FALSO	13,493	3,11	780,1	3,113	1174	-112,0	1,0
15/06/2020	15:02:02	2	FALSO	13,493	3,25	780,3	11,062	1131	87,8	1,9
15/06/2020	15:16:31	2	FALSO	13,492	3,24	779,8	11,137	1172	86,3	1,8
15/06/2020	15:21:38	2	FALSO	13,493	3,16	780,5	11,034	1145	88,4	2,2
15/06/2020	15:25:21	2	FALSO	13,492	3,25	781,0	11,045	1145	88,2	2,4
